100
0 1 3 12 25 26 31 34 36 49 91 107 115 177 186 251 257 281 505 568 611 677 882 995 1541 1862 2340 2594 
1 5 7 8 9 14 19 21 28 37 58 65 123 126 178 199 240 247 253 280 293 318 358 404 484 485 549 596 678 684 735 869 1089 1273 1290 1388 1440 1468 1512 1572 1581 2158 2498 2572 2902 3198 3243 3580 4366 4703 4738 5367 5414 5515 5675 6614 6779 7269 7292 7301 8734 9030 
2 7 24 34 38 40 50 87 96 108 122 146 162 179 190 219 221 252 305 316 427 481 484 485 587 595 635 719 757 867 1194 1260 1495 1629 1756 1840 1936 2051 2244 2700 2741 3014 3244 3774 6348 6854 8992 
3 23 26 31 34 75 105 106 112 122 130 165 179 235 506 546 735 768 853 906 1362 1549 2078 2840 3659 5519 5803 7677 8444 
4 12 31 46 59 79 116 160 200 222 402 454 488 514 568 737 818 1377 1635 2431 2436 2654 2894 4178 4791 7122 8428 8901 
5 0 1 3 17 22 45 75 97 116 119 135 149 195 264 286 298 539 715 797 809 1608 1889 1958 2301 2498 3161 3735 4278 5197 6425 7818 9447 
6 10 16 29 36 77 117 119 126 158 182 256 301 348 360 389 447 459 470 489 557 581 815 881 1041 1062 1288 1337 1476 1765 2106 2334 2785 3349 3478 6064 6702 
7 4 7 24 27 30 35 38 41 44 45 56 63 73 74 78 87 102 107 118 119 131 151 167 170 176 195 211 229 256 290 303 331 355 393 398 485 524 659 681 762 807 848 880 948 999 1027 1097 1100 1207 1296 1315 1590 1959 1985 2744 2983 3500 4023 4371 4848 5069 5429 6031 6630 7791 8660 9225 
8 4 12 13 25 26 30 42 44 47 51 52 53 71 77 88 135 216 228 422 524 537 601 631 1345 1463 2622 2928 5247 5751 7033 8614 9262 9356 9903 
9 2 5 7 8 9 14 15 19 20 21 27 28 30 35 38 52 55 58 65 73 78 82 88 90 95 103 114 120 121 122 123 126 135 138 155 158 176 184 187 216 219 231 240 290 355 409 410 442 468 510 626 636 656 665 715 899 938 951 1312 1393 1510 1554 1756 1881 2170 2562 2652 2730 2735 2973 4390 4421 5200 5349 5605 5641 6234 6718 6729 7876 
10 7 9 11 15 16 17 20 21 27 28 30 37 44 61 69 72 78 82 103 117 139 140 145 196 199 206 240 243 253 267 268 271 277 332 355 371 372 382 455 482 596 599 624 626 631 638 679 681 694 715 737 824 929 940 1016 1017 1079 1112 1119 1131 1287 1327 1361 1483 1575 1584 1691 1707 1737 1826 2088 2138 2668 2820 2848 2852 2871 3008 3430 3477 3661 4210 4335 4432 4978 5031 5268 5276 5516 5926 7081 7341 8094 8243 9039 9086 
11 1 3 24 26 41 46 48 55 67 73 91 98 111 120 194 234 236 246 265 303 356 442 475 477 724 1122 1183 1334 1988 2003 2195 3016 3032 3317 3457 3828 5038 
12 0 3 4 12 16 17 18 23 26 32 55 60 79 119 129 155 162 168 231 322 339 365 417 506 546 554 598 678 742 1082 1298 1502 1546 2416 2523 2657 3751 6756 
13 36 40 59 83 93 101 124 237 292 352 414 600 606 851 909 1010 1128 1865 2049 2205 2768 3041 3535 5336 5446 7027 7162 9888 
14 25 98 139 154 186 191 250 290 316 320 456 506 650 653 671 708 737 816 1021 1235 1452 1709 2096 2746 2751 3689 4362 4974 6662 8486 9559 9843 
15 6 7 11 16 17 20 21 23 35 60 61 72 84 97 138 143 193 199 206 212 240 249 265 285 296 300 343 408 411 484 500 513 552 650 767 968 984 1137 1287 1489 1495 1506 1597 1734 1735 1754 1766 2171 2251 2627 2769 2818 2960 2976 3179 3517 4152 4885 4914 5482 5812 7915 8215 8819 
16 1 3 12 60 66 76 115 130 139 156 246 288 289 291 380 450 481 706 1278 1576 1811 2268 3243 3548 3715 4752 5791 
17 6 13 20 35 42 60 61 65 69 74 78 96 178 195 199 210 238 273 285 329 339 345 346 361 390 396 454 510 536 583 602 637 665 694 731 751 763 797 869 879 940 946 968 1030 1352 1524 1554 1743 2145 2202 2232 2296 2342 2614 3274 3900 3923 3977 4167 4343 4607 5218 5278 5404 5558 5893 6049 6378 8015 9470 
18 1 25 48 51 84 94 99 122 130 158 169 192 221 335 533 608 615 628 790 796 803 836 998 1226 1604 2222 2990 3121 3623 6058 
19 13 17 31 92 140 245 250 339 344 345 384 509 536 589 614 625 746 775 800 871 1072 1073 1212 1333 1384 1437 1666 1670 1788 1873 2266 2391 2403 3203 3448 5108 5497 6684 8066 9134 9430 9476 9732 
20 2 7 9 11 14 15 19 20 22 23 27 35 37 41 44 62 63 69 78 82 84 86 88 102 120 121 123 131 148 152 158 161 176 184 193 206 210 249 252 280 301 331 332 396 516 542 549 561 595 624 632 636 647 655 686 709 751 777 784 805 843 935 1005 1027 1052 1168 1184 1290 1476 1522 1611 1638 1768 1783 1789 2047 2153 2298 2591 2659 2930 2979 3172 3198 3317 3441 3483 3497 4171 4225 4408 4662 4688 4984 5329 5526 5973 7048 7081 7347 8454 9519 9521 9562 9749 
21 4 8 13 27 39 49 69 77 90 176 183 187 207 249 252 358 875 1089 1263 1371 1402 1407 1482 1597 1610 1828 1981 2264 2285 2491 2664 2848 2852 3199 3324 3648 3880 4157 4162 4477 5554 5902 6115 6131 6379 6480 7242 
22 2 5 6 8 9 11 15 16 18 20 22 28 37 55 57 60 62 69 72 96 97 126 132 138 148 157 161 164 166 168 187 193 197 198 224 277 299 301 316 356 442 459 468 476 480 513 577 583 584 650 793 805 822 843 859 933 977 1173 1290 1310 1423 1496 1770 1805 1966 2000 2045 2163 2190 2218 2304 2402 2818 3211 3379 3424 5600 6035 6747 7508 7624 8226 8677 8955 9425 9517 
23 5 19 23 25 26 32 33 37 50 57 58 114 122 135 138 139 145 152 158 184 218 233 244 325 429 482 554 567 572 750 845 866 1042 1105 1152 1271 1413 1452 1506 1677 1948 1951 1967 2169 2579 3525 3700 3839 4336 4350 4864 7325 8116 8688 8802 
24 2 5 7 8 9 11 14 15 20 21 22 23 27 28 35 37 62 65 70 72 74 82 102 103 117 120 123 135 138 145 147 148 184 204 216 236 252 285 290 330 343 390 426 451 494 542 585 611 621 641 655 708 725 726 762 769 900 933 940 961 971 977 1011 1012 1119 1134 1152 1173 1174 1195 1321 1386 1412 1429 1454 1572 1911 2060 2136 2168 2187 2444 2614 2692 2812 2980 3089 3447 3455 3483 3563 3706 4950 5333 5350 6238 6347 6698 7373 8138 8450 9335 9947 
25 2 5 6 7 9 11 14 15 17 19 21 22 23 37 38 44 45 54 57 70 72 73 74 82 103 107 120 131 139 161 164 236 240 268 316 342 390 393 409 494 577 757 807 952 1126 1134 1174 1222 1350 1478 1554 1667 1859 2106 2191 2546 2582 2685 2794 3196 3251 3262 3398 3483 4100 4724 5482 7382 8243 9054 9677 
26 2 5 21 23 62 70 72 79 107 139 162 187 192 197 199 253 267 280 309 342 353 371 403 406 469 485 501 513 526 554 561 597 669 797 871 907 948 979 1080 1127 1152 1350 1388 1420 1656 1850 1951 2296 2552 2739 2889 3158 3194 3248 3586 3730 4051 4070 4090 4704 5005 5041 5361 5959 6137 6577 7315 9040 
27 19 22 24 27 29 32 35 37 45 56 65 69 72 79 82 87 107 121 157 160 164 176 178 261 275 277 299 300 343 395 396 409 414 429 482 577 604 626 646 679 734 841 849 855 1117 1301 1385 1395 1412 1732 1921 1954 2296 2491 2608 2780 2889 3302 3582 3692 4403 4510 4517 4962 5186 6756 7753 8149 8761 
28 0 4 6 13 29 38 51 96 132 156 178 218 225 232 264 272 321 374 544 557 645 697 735 764 824 975 978 1008 1150 1151 1387 1750 2329 2360 2402 2486 2882 5091 5909 6785 7590 7708 
29 2 14 17 22 24 29 36 115 147 180 189 190 204 219 350 358 391 439 448 451 523 561 609 628 715 728 793 881 1099 1401 1568 1579 1607 1697 1766 1881 2000 2099 2330 2477 2700 4044 4088 5020 5195 5447 
30 10 42 64 80 143 149 163 247 303 314 418 431 435 602 1038 1906 1963 2156 2356 2522 3895 4325 4797 9246 9295 9471 
31 1 3 7 12 28 35 60 68 70 71 83 86 102 141 166 180 189 199 252 253 258 280 282 304 399 414 482 583 698 782 907 960 1031 1052 1065 1093 1123 1140 1320 1434 1734 1911 1989 2504 2965 3008 4347 4397 4818 6141 6385 7218 7454 7977 
32 2 5 7 8 9 11 14 15 16 17 18 19 21 22 23 27 28 30 37 44 55 62 63 82 83 88 102 110 114 117 121 123 135 138 148 152 161 166 176 184 197 268 301 309 316 332 402 426 451 549 552 554 619 625 632 653 655 709 727 830 859 861 900 949 1000 1106 1200 1506 1627 1725 1783 1799 1917 2334 2526 2576 2819 2825 2841 2978 3053 3110 3160 3458 3489 3849 4040 4157 4281 4364 4460 4589 5051 5136 5448 5921 6045 7013 7971 
33 4 18 56 58 60 65 69 73 78 88 121 126 138 139 193 228 229 231 252 271 298 299 333 356 358 371 382 404 432 482 539 554 599 602 609 612 659 665 679 751 946 979 980 1114 1151 1284 1365 1376 1413 1414 1445 1468 1529 1548 1793 1900 1917 2205 2214 2274 2291 2348 2374 2848 2849 3046 3097 3119 3591 3600 3639 3699 3741 3790 4172 4820 4881 5150 5167 5754 5860 6539 6656 7086 7387 7437 7585 8488 8751 9572 9896 9933 
34 0 4 12 24 51 58 74 102 106 125 140 148 152 154 159 216 224 228 233 236 240 285 329 340 390 442 444 482 621 885 909 926 1080 1106 1173 1283 1587 1891 2153 2593 2713 2787 2941 2955 3412 3768 4023 4096 4104 4417 4619 4659 4895 5490 5597 5850 6130 6604 8355 9886 9894 
35 1 3 20 26 60 64 70 83 97 108 122 148 259 297 419 471 552 675 1074 1186 1752 1909 2239 2516 3236 3332 4710 6012 6059 8315 9713 
36 0 3 4 26 36 48 60 61 80 119 122 125 149 327 379 422 434 676 697 712 778 859 989 998 1351 1404 1412 1481 1702 1771 1936 1966 3003 3604 3996 4067 5001 7069 8465 9246 
37 2 5 6 7 8 9 14 15 16 17 18 19 21 27 28 30 38 44 45 54 57 58 62 69 82 88 114 121 126 137 155 166 176 198 204 268 333 356 363 371 382 395 410 455 487 587 594 776 817 866 919 968 1089 1256 1269 1343 1372 1446 1482 1575 1737 1921 2073 2126 2147 2292 2430 2444 2513 2612 3097 3140 3222 4347 4864 4995 5084 5862 6523 6755 8044 8702 
38 11 45 46 49 56 67 89 96 100 108 137 150 222 298 302 445 551 553 562 648 679 945 1772 2572 3444 3926 4809 8704 
39 2 5 6 7 8 9 11 13 14 19 20 21 22 27 35 37 56 62 65 102 114 118 120 135 138 139 161 189 204 207 245 267 273 280 301 355 389 393 421 439 554 595 613 632 646 647 686 701 728 731 747 750 797 878 879 968 979 1171 1251 1369 1395 1481 1671 1930 1973 2128 2138 2383 2688 3813 3983 4302 4388 4768 5381 5634 5921 6234 7593 9611 
40 10 50 64 113 144 160 168 194 231 278 345 480 528 559 601 611 660 766 907 1053 1401 1673 1738 2372 2523 2745 3753 3849 6226 6698 7181 
41 3 12 45 49 51 53 97 118 136 137 214 221 227 298 339 351 378 456 554 900 1262 1595 1679 1706 2062 2076 2634 2883 2961 3017 7591 
42 4 8 9 13 14 15 18 19 30 37 38 57 102 103 121 131 135 140 146 155 159 198 218 247 250 284 408 432 441 442 484 612 669 708 815 907 908 968 1001 1017 1039 1058 1132 1263 1369 1489 1643 1656 1729 2005 2076 2150 2385 2976 3135 3533 3790 5154 6092 6362 6373 7408 9517 9701 
43 29 33 43 57 134 170 216 296 301 302 347 415 502 633 772 1360 1483 1889 1993 2611 2904 4630 5205 6258 6820 7589 7862 8309 
44 2 5 15 44 53 69 78 95 110 112 135 146 151 162 184 214 255 339 355 371 402 410 443 498 681 716 739 742 789 901 1017 1033 1052 1070 1122 1132 1153 1221 1270 1401 1871 2091 2291 2293 2298 2563 2575 2762 2853 3065 3246 3363 3443 3604 3849 3927 4532 4977 5014 5299 5634 5851 7959 8480 9459 
45 6 10 11 16 31 42 44 56 62 69 107 112 131 139 145 156 164 193 206 229 236 243 253 279 309 316 329 424 487 509 517 545 554 583 595 604 647 650 671 859 880 887 984 1000 1078 1122 1142 1310 1320 1351 1395 1429 1436 1482 1502 1669 1673 1741 1799 1803 2216 2298 2487 2513 2818 3158 4226 4266 4271 4724 4850 4919 5661 5667 5990 5999 6459 6698 7055 7584 7850 7895 
46 2 5 8 9 23 63 88 97 104 119 126 140 145 164 166 218 227 280 285 309 329 383 425 478 489 612 644 720 795 833 928 935 1108 1142 1166 1221 1324 1460 1491 1494 1502 1932 2003 2665 3071 4148 4568 5850 6222 7151 7167 7315 7607 7854 7913 8585 9338 9572 
47 27 32 64 69 88 102 114 130 138 158 165 193 209 218 236 253 278 309 433 517 545 580 583 670 740 981 992 995 1017 1171 1200 1336 1495 1506 1521 1799 2164 2208 2264 2437 2670 3106 3142 3227 3514 3646 3893 4063 4291 5182 5910 5990 6629 6930 8933 9768 
48 2 5 6 7 8 9 11 14 15 16 17 19 20 21 23 27 28 30 35 37 55 63 69 74 79 96 103 110 119 120 138 147 148 164 176 184 198 199 211 218 252 274 300 325 330 348 356 382 388 389 398 403 404 461 494 545 583 751 841 968 1023 1256 1260 1312 1344 1350 1384 1510 1554 1575 1593 1765 1809 2825 2920 2955 3158 3426 3561 3684 3692 3825 4247 4497 4799 5728 6227 7569 8334 
49 2 7 8 11 14 16 19 23 24 27 28 35 37 42 44 52 55 57 58 61 63 69 72 88 107 114 118 120 121 123 131 137 138 164 184 212 229 235 253 300 310 316 344 454 476 519 566 638 646 725 763 836 899 969 1065 1122 1260 1352 1440 1604 1799 1917 1959 2371 3126 3190 3923 4164 4551 4613 5158 5221 5895 6137 7709 7718 7970 8450 8973 9957 
50 13 25 29 31 34 36 58 60 65 175 251 321 691 734 827 1147 1232 1275 1391 1620 1665 1942 2096 2292 3949 4242 4761 5178 5295 5562 5626 6668 9346 9952 
51 2 5 6 7 8 9 11 13 14 15 16 17 21 22 23 27 28 30 41 45 55 58 63 70 72 74 78 102 117 121 146 159 187 196 197 198 268 288 371 383 519 597 611 665 725 749 966 977 1012 1159 1224 1417 1491 1602 1692 1745 1989 2148 2420 2500 2818 2826 3046 3586 3708 3824 3923 4606 4705 5031 5501 5603 5659 6877 7694 8783 9234 9365 
52 20 38 41 47 52 82 110 143 162 170 225 244 249 271 383 384 397 467 593 961 1012 1088 1096 1186 1361 1417 1465 1597 1702 1805 1950 2112 2327 2702 2886 3761 4025 4130 4277 5616 6514 9946 
53 2 5 6 7 8 9 11 13 14 15 17 18 19 20 21 22 23 27 30 37 54 61 62 70 72 74 82 84 103 107 114 117 121 138 158 161 171 176 184 187 236 243 252 309 325 327 332 356 371 404 468 566 653 679 800 899 900 909 927 1077 1171 1296 1384 1408 1428 1434 1495 1510 1571 1704 1721 1758 1876 1894 1967 2052 2094 2218 2261 2262 2282 2433 2859 3038 3358 4478 6035 6092 6126 7712 7986 8629 
54 10 30 34 48 77 83 127 138 153 163 178 243 274 402 437 455 504 509 780 1461 2195 2638 2644 2650 3082 4184 4560 4757 4881 
55 7 8 9 14 15 19 27 28 33 34 37 43 52 57 65 72 77 117 121 126 155 187 193 337 338 420 443 485 488 493 494 510 524 650 662 725 747 869 900 932 957 1001 1137 1151 1263 1270 1294 1300 1495 1502 1591 1737 2112 2185 2538 2976 3215 3244 3774 4525 4857 5447 5626 6051 6467 6887 7040 7062 7291 7433 8660 9551 
56 5 6 7 9 11 16 19 20 22 23 30 32 35 37 45 58 62 69 72 83 88 103 112 121 132 135 145 148 178 236 325 370 388 390 391 485 624 632 680 731 789 805 825 1184 1502 1566 1591 1600 1613 1690 1697 1913 2044 2264 2282 2431 2451 2810 3006 3054 3756 3796 4452 5276 5472 5566 7499 7815 8114 8402 8702 9742 
57 6 7 11 13 16 20 21 24 27 28 35 38 41 44 52 54 63 65 69 82 110 117 126 145 197 206 224 231 236 253 268 321 365 372 389 404 410 422 444 480 545 566 619 708 762 797 940 1442 1572 1626 2134 2147 2683 2759 3613 3661 3831 3975 4241 4618 4632 4858 4859 5724 5797 5801 6616 6979 7546 7559 7672 8272 8672 9311 9678 
58 45 73 78 118 138 146 196 280 370 396 414 429 434 475 503 550 608 609 666 684 712 720 745 850 860 990 1149 1334 1378 1534 1583 1597 1612 1665 1902 2300 2619 2659 2986 3441 3516 3773 4133 4474 4539 4596 4667 4672 5838 6571 6756 7279 8076 
59 6 16 31 79 80 83 167 189 203 225 231 305 323 327 535 646 671 702 746 857 881 902 979 1480 1566 1728 1805 2231 2948 2956 3843 3908 4184 4646 5459 5643 6138 6246 6335 8139 8146 8601 8969 
60 19 25 48 65 67 74 81 99 106 107 174 183 268 280 297 298 412 422 432 525 544 737 797 1398 1449 1513 1757 2013 2573 2612 3224 3456 3559 3884 4247 4413 4459 4609 5011 5371 5442 5616 5985 9723 
61 39 50 56 64 81 112 125 179 215 248 266 362 374 1497 1511 1815 1837 2114 2795 2836 3135 3807 5431 5688 7473 8586 
62 8 9 14 28 51 60 65 69 76 106 107 120 135 138 139 148 155 164 169 197 199 205 236 248 265 282 308 325 332 356 404 495 527 583 625 650 662 796 919 982 1106 1173 1183 1223 1310 1610 1826 2076 2143 2196 2521 3052 3270 3428 3488 4089 4413 5296 5507 5731 5876 5887 6379 6847 7624 7966 8734 9502 
63 56 57 64 81 115 117 129 135 138 144 173 209 255 285 299 327 395 432 487 534 638 660 774 809 900 1019 1104 1147 1266 1283 1303 1495 1745 2158 2359 2371 2683 2849 3100 3222 3412 3423 3642 4880 5063 5779 6481 8131 8295 8355 8402 8516 8947 9574 
64 38 47 52 93 108 168 213 229 237 314 328 397 461 671 750 778 1019 1035 1056 1283 1397 1443 1482 1552 1598 1737 1866 2029 4977 5091 5376 6423 9305 9478 9584 9613 
65 29 30 39 50 66 68 76 91 158 235 257 308 392 468 862 908 1073 1257 1582 2098 2460 3654 3692 5196 6205 7275 8401 9017 9493 
66 10 29 34 47 48 172 174 230 276 462 597 915 947 1583 1988 2568 3257 3284 3989 4001 4319 5120 5604 6558 7316 
67 2 5 8 9 14 15 18 19 27 28 37 38 45 55 57 62 63 65 78 86 118 119 120 126 131 135 138 139 147 152 155 157 183 229 299 319 375 404 432 468 482 487 503 511 519 574 742 779 815 890 899 941 1225 1290 1387 1623 1628 1679 1843 1863 1881 2052 2132 2148 2348 2700 2706 2791 3033 3266 3293 3389 3420 3689 3767 3769 6147 7537 7687 
68 4 25 35 40 45 63 76 106 155 248 270 274 399 409 442 446 462 465 505 554 664 760 1128 1190 1215 1333 1387 1888 2152 2473 2507 2973 3164 4838 5689 
69 5 6 9 13 15 21 54 62 73 74 80 82 83 102 145 155 162 176 204 216 224 240 243 245 335 356 388 410 427 486 489 501 542 572 583 671 679 751 756 762 778 782 873 884 971 977 1005 1061 1119 1334 1446 1468 1522 1593 1628 1877 1883 1961 2100 2120 2177 2238 2448 2616 2919 3204 3299 3392 3520 3561 4152 4342 4436 4834 6169 6290 6452 6767 6986 7337 8180 
70 0 1 12 55 84 205 213 226 228 278 332 459 688 804 916 1113 1165 1699 2090 2456 2524 2681 2837 4211 4850 5539 6565 
71 0 4 5 6 8 9 15 19 24 25 37 40 42 50 62 72 84 92 114 120 131 138 139 142 158 161 164 170 196 197 210 229 243 249 252 257 290 309 329 330 355 364 401 404 442 655 727 859 919 962 968 1272 1384 1495 1506 1671 1721 1862 2191 2212 2240 2291 2513 2591 2684 2738 3424 3684 4148 4221 4361 4630 4656 6018 7373 9957 
72 0 4 12 51 60 79 100 110 132 136 159 180 210 231 251 299 313 324 342 377 755 785 803 890 946 1353 1509 1566 1958 2135 3102 3395 5150 6094 6655 7797 8512 9359 
73 17 21 23 41 54 57 70 74 92 95 103 115 137 158 172 249 268 333 348 426 515 596 637 665 703 751 776 782 952 971 1055 1128 1232 1251 1274 1277 1311 1339 1386 1434 1442 1494 1522 1558 1562 1611 2063 2198 2703 2857 2869 3166 3357 3706 3708 3826 3923 4320 4726 5124 5209 5627 6337 6359 6410 6589 6668 7798 8438 8454 8528 9794 
74 2 8 14 15 21 28 36 61 82 117 120 121 126 134 137 142 148 155 184 187 196 199 224 234 253 258 275 288 372 377 410 468 517 612 621 625 659 707 715 841 914 968 992 1026 1210 1332 1401 1428 1447 1583 1596 1610 1754 1917 1979 2048 2112 2274 2385 2427 2955 2967 3502 3759 3943 4429 4514 4597 4801 5526 6097 6450 7774 8241 8365 8427 8875 8938 9360 9543 
75 58 66 99 101 143 169 205 206 248 323 408 419 507 799 976 1314 1370 1671 2385 2805 2992 4009 4032 5165 5329 6284 6329 9607 
76 2 5 6 7 8 9 11 14 15 16 17 19 20 21 22 23 27 28 30 35 44 45 55 61 63 73 88 103 107 112 114 120 121 137 145 146 148 152 155 157 184 236 245 255 305 332 372 389 404 455 484 511 517 542 549 563 577 728 867 869 900 957 968 1315 1344 1771 1780 2060 2168 2177 2700 2708 2844 3182 3228 3279 3357 3379 3398 3408 3470 3992 4221 4364 4500 4878 5805 6288 6402 8095 9317 
77 14 19 21 24 27 58 65 78 81 95 103 114 117 123 135 173 183 207 229 236 243 244 249 273 289 331 342 372 426 447 499 501 604 612 647 651 653 715 720 725 776 896 899 1087 1251 1258 1395 1577 1593 2258 2378 2517 2533 2657 2942 3160 3591 3603 3884 5286 5350 5582 5848 5872 6163 6745 6961 8241 8466 8733 9710 
78 0 1 2 3 8 9 12 14 15 17 18 44 46 53 55 70 95 107 126 129 252 275 285 316 343 375 443 457 549 611 885 976 1087 1156 1438 1643 1686 2088 2142 2198 2282 2509 3600 4482 4994 5834 6644 6684 7658 7918 
79 0 10 17 31 33 36 50 51 75 90 110 119 140 146 185 238 270 417 686 694 725 933 1136 1172 1201 1748 2005 2527 3950 5222 6165 6450 7367 
80 10 31 34 43 75 104 116 132 181 197 224 254 287 448 553 609 686 1044 1877 1932 2014 2060 2458 2609 3784 3884 4099 4942 6057 9566 
81 0 1 3 12 25 29 47 58 68 100 138 148 156 166 167 173 182 259 300 329 359 363 554 595 700 829 1275 2316 3345 3561 3858 5931 6025 7195 7234 7734 9203 9957 
82 21 26 30 41 42 65 74 110 115 126 147 155 161 189 225 230 231 252 253 271 334 335 339 341 355 369 426 432 484 494 516 641 822 907 999 1177 1209 1218 1227 1325 1606 1628 1671 1734 1937 1983 2047 2717 2735 2908 3142 3332 3457 3471 5472 6029 6656 7064 7253 7975 
83 0 1 3 4 17 22 25 26 36 60 84 106 129 144 173 212 228 335 589 650 671 859 891 1956 2195 2413 2780 3056 3175 3244 3946 6913 7287 8518 
84 1 3 8 10 11 20 26 32 41 42 50 53 83 138 176 178 303 305 322 391 412 468 514 621 672 914 1233 1414 1862 2227 2469 2542 2701 3869 4266 5725 6049 6354 6577 9047 
85 3 4 13 17 22 23 24 40 53 83 101 115 166 201 232 238 293 330 403 417 475 516 524 552 615 666 676 762 970 1137 2024 2052 2065 2397 3569 4962 9442 
86 2 5 6 7 8 9 11 13 14 15 16 19 21 23 27 28 30 35 37 44 57 62 72 79 96 98 112 131 152 157 161 164 178 199 206 218 227 238 240 267 277 348 424 436 485 500 538 545 596 636 726 782 1121 1340 1601 1734 1757 1861 1896 2019 2377 3137 3526 4048 4618 5350 5773 6087 7584 
87 0 4 6 24 35 52 61 104 159 180 231 236 279 288 331 339 422 425 615 624 663 717 725 742 756 797 909 1009 1137 1368 1558 1583 1702 1847 1884 2076 2288 2428 2509 2556 4048 4227 5046 5469 5561 6052 6915 8949 
88 4 19 24 26 42 45 63 80 83 90 92 95 117 120 132 135 161 210 211 216 245 273 290 316 329 355 375 388 497 510 539 659 672 777 803 869 879 914 928 957 1017 1027 1263 1468 1503 1571 1583 1591 1627 2423 2475 3044 3400 3704 3879 3915 4500 4841 5546 5668 5778 6831 7117 7481 7727 7777 9208 9593 
89 0 3 4 58 60 77 87 102 110 121 125 142 156 210 233 245 257 351 372 498 532 669 733 847 867 943 968 997 1020 2051 2221 2886 3983 4122 4971 8244 8579 8790 8978 9514 
90 2 5 6 8 9 11 13 14 15 16 17 21 23 28 72 98 110 139 140 145 146 155 157 158 198 218 238 288 309 329 330 410 424 449 554 655 679 720 887 896 1068 1110 1189 1223 1260 1384 1452 1496 1704 1808 2169 2207 2212 2322 2718 2899 3022 3203 3299 3457 3977 4171 4329 4479 4829 5905 6160 7085 7245 7266 7707 8461 9054 9358 
91 12 27 30 83 112 119 122 148 151 176 183 267 327 331 387 421 439 443 445 473 534 647 651 654 663 739 817 825 948 970 983 1090 1091 1151 1155 1227 1437 1522 1599 1629 1746 2020 2304 2477 2492 2654 2972 3003 3244 4131 4370 4581 5275 5295 5659 6005 7086 7600 8019 8088 8334 8438 
92 2 5 7 8 9 13 14 15 17 18 20 21 22 27 28 30 37 38 41 54 57 65 69 72 73 74 97 98 120 121 125 145 147 172 176 253 255 268 346 356 475 549 583 585 590 659 715 903 971 1054 1065 1073 1106 1334 1456 1714 1841 1958 2067 2360 2696 3097 3299 3676 6166 6769 7776 7924 8801 8948 9138 9906 
93 29 51 67 71 105 134 142 179 238 250 278 328 412 415 446 454 660 714 970 1058 1333 1532 1667 1859 2295 2493 3201 4807 
94 20 32 67 85 91 103 105 130 155 171 209 217 318 757 842 946 980 1663 1788 1865 2968 4299 4625 4657 6424 8103 8993 
95 10 34 43 47 71 85 111 114 132 133 136 217 258 313 387 562 587 641 652 662 963 993 1515 1521 3751 3774 4238 5390 5661 5774 
96 1 3 18 26 56 58 67 74 120 182 211 301 308 310 335 360 365 446 541 723 1389 1714 1867 2087 2162 2190 3013 3881 4288 4421 6001 6438 7307 8692 9357 9763 9832 
97 2 5 6 7 8 9 11 13 14 15 20 21 23 27 28 44 54 61 62 69 70 78 92 96 102 120 126 131 132 138 140 146 158 178 212 216 249 267 285 403 411 426 436 519 624 670 707 735 815 978 1095 1112 1200 1258 1434 1478 1546 1807 1868 2592 2653 2739 3397 3441 3769 3782 4142 4266 4301 4947 5276 5381 5712 5882 6102 6361 6379 9630 9691 
98 2 5 6 7 8 9 11 13 14 15 17 18 19 20 23 27 28 35 41 42 44 52 55 56 58 62 63 69 72 82 106 114 117 120 121 139 157 175 198 224 229 236 249 285 377 410 434 757 915 927 1006 1161 1207 1450 1487 1736 2008 2039 2148 2246 2478 3065 3097 4040 5084 5350 5394 5748 6201 7173 7347 7753 9782 
99 4 8 9 14 15 18 19 20 27 37 38 41 57 60 61 63 65 69 80 97 103 107 117 138 155 161 166 168 175 193 245 249 255 303 310 316 362 409 549 599 611 637 686 708 739 747 933 1209 1274 1334 1541 1648 1688 1702 1756 1954 1966 2163 2337 2478 2918 3109 3110 3304 3881 4258 4869 5160 5863 7234 7497 8044 
